-66.6 9.0 0.0 0.0 0.0 0.700 0.700
-66.22 29.4 0.0 0.0 0.0 0.642 0.766
-64.42 35.1 0.0 0.0 0.0 0.592 0.805
-59.6 44.1 0.0 0.0 0.0 0.443 0.896
-58.4 45.2 0.0 0.0 0.0 0.367 0.930
-30.0 52.4 0.0 0.0 0.0 0.000 1.00
37.0 53.6 0.0 0.0 0.0 0.000 1.00
115.0 53.6 0.0 0.0 0.0 0.000 1.00
203.0 52.4 0.0 0.0 0.0 0.000 1.00
222.0 48.1 0.0 0.0 0.0 -0.282 0.96
233.0 33.0 0.0 0.0 0.0 -0.623 0.78
234.0 15.3 0.0 0.0 0.0 -0.704 0.709
234.0 4.5 0.0 0.0 0.0 -0.704 0.709
223.0 -3.0 0.0 0.0 0.0 -1.000 0.000
188.0 3.6 0.0 0.0 0.0 -1.000 0.000
136.7 2.6 0.0 0.0 0.0 -1.000 0.000
122.7 16.0 0.0 0.0 0.0 -0.700 -0.700
122.2 43.0 0.0 0.0 0.0 -0.700 -0.700
114.2 52.4 0.0 0.0 0.0 -1.000 0.000
54.2 52.4 0.0 0.0 0.0 -1.000 0.000
45.7 43.0 0.0 0.0 0.0 -0.700 0.700
46.0 10.8 0.0 0.0 0.0 -0.700 0.700
36.0 2.8 0.0 0.0 0.0 -1.000 0.000
-47.0 -2.6 0.0 0.0 0.0 -1.000 0.000
-60.0 -2.6 0.0 0.0 0.0 -1.000 0.000